event_number,results
303,"[108.46133422851562, 100.10354614257812, 108.28449249267578, 104.33360290527344]"
304,"[92.74954223632812, 92.63407897949219, 98.66972351074219, 93.86088562011719, 91.51924896240234, 93.68696594238281, 92.94043731689453, 91.6995620727539, 92.37736511230469, 100.74403381347656]"
305,"[108.84095001220703, 111.13501739501953, 110.184326171875, 111.31764221191406, 109.79594421386719, 109.45794677734375, 109.00543975830078, 108.59202575683594, 110.56864166259766, 109.68428039550781]"
306,"[103.13151550292969, 103.20030975341797, 101.96075439453125, 103.90779876708984, 104.60944366455078, 99.96795654296875, 103.02781677246094, 99.88727569580078, 100.10127258300781]"
307,"[86.12857055664062, 95.91255950927734, 86.56980895996094, 87.11333465576172, 86.482666015625, 85.91413116455078, 86.18505859375, 85.7488784790039, 86.16970825195312, 86.53724670410156, 86.7498779296875, 87.41558837890625, 85.22434997558594]"
308,"[94.25792694091797, 94.17675018310547, 95.01419067382812, 94.1894760131836, 92.07238006591797, 92.38704681396484, 127.24944305419922, 90.92103576660156, 94.3192138671875, 93.43013000488281]"
309,"[106.00714111328125, 108.05024719238281, 104.19465637207031, 106.47235107421875, 123.96377563476562, 107.49111938476562, 106.92535400390625, 105.57435607910156, 104.70979309082031, 105.6775894165039, 96.96083068847656, 101.67921447753906, 104.57831573486328]"
310,"[112.96913146972656, 110.12651824951172, 111.33771514892578, 113.79753875732422, 110.42776489257812, 110.52116394042969, 110.38774108886719, 110.2535629272461, 111.14739990234375, 111.10244750976562]"
311,"[93.34822082519531, 90.92329406738281, 91.04383850097656, 92.03657531738281, 106.9759521484375, 96.24522399902344, 92.63643646240234, 92.39375305175781, 94.37576293945312, 93.15859985351562, 92.5477294921875]"
312,"[80.22521209716797, 91.13739013671875, 88.84197998046875, 86.08560180664062, 79.58631896972656, 80.27960205078125, 81.04139709472656, 79.68667602539062, 83.92448425292969, 82.10443115234375, 80.17694091796875]"
313,"[106.3255615234375, 106.69567108154297, 109.02222442626953, 105.09066772460938, 106.10380554199219, 106.80884552001953, 106.61236572265625, 106.98977661132812, 105.46185302734375, 106.28966522216797]"
314,"[100.50454711914062, 98.89769744873047, 101.00328063964844, 104.06282043457031, 100.60639953613281, 104.4326171875, 101.25503540039062, 106.68706512451172, 102.03558349609375, 98.97518157958984, 90.7340316772461, 101.920654296875]"
315,"[92.29418182373047, 92.97979736328125, 93.30915069580078, 92.4121322631836]"
316,"[74.76081848144531, 76.65145874023438, 78.62486267089844, 86.87939453125, 81.39618682861328, 82.48853302001953, 77.47146606445312, 84.58293151855469, 75.82046508789062, 74.4341812133789, 81.99105834960938, 76.473388671875, 89.93313598632812]"
317,"[64.40219116210938, 65.03104400634766, 65.33319091796875, 65.33433532714844, 65.12175750732422, 69.41429138183594, 64.57420349121094, 64.42851257324219, 64.8813705444336]"
318,"[68.88142395019531, 69.88470458984375, 69.81329345703125, 68.91131591796875, 68.242431640625, 68.96722412109375, 72.08956909179688, 73.99980163574219, 67.21669006347656, 67.25458526611328]"
319,"[69.21351623535156, 70.57521057128906, 82.02240753173828, 71.13029479980469, 74.65941619873047, 71.88033294677734, 70.6427230834961, 80.60137176513672, 77.59710693359375, 79.70068359375, 72.24559020996094, 79.00746154785156, 69.2082290649414]"
320,"[72.62370300292969, 67.77075958251953, 69.77112579345703, 65.66809844970703, 69.59596252441406, 68.7635498046875, 67.4048080444336, 63.20149612426758, 66.22457885742188, 69.91899108886719]"
321,"[119.5438232421875, 116.07933044433594, 117.756591796875, 117.2166748046875, 118.61624145507812, 117.13702392578125, 120.63194274902344, 122.35881042480469, 123.42894744873047, 117.48807525634766]"
322,"[96.08822631835938, 94.002197265625, 98.63653564453125, 100.37884521484375, 94.53819274902344, 95.97124481201172, 96.05557250976562, 98.77003479003906, 97.40728759765625]"
323,"[106.66558837890625, 115.57208251953125, 101.40402221679688, 101.05923461914062, 100.4281005859375, 115.55683898925781, 113.72025299072266, 108.5775146484375, 108.81998443603516, 104.61453247070312]"
